0 1
1 1
2 1
3 2
4 2
5 3
6 4
7 5
8 6
9 8
10 10
11 12
12 15
13 18
14 22
15 27
16 32
17 38
18 46
19 54
20 64
21 76
22 89
23 104
24 122
25 142
26 165
27 192
28 222
29 256
30 296
31 340
32 390
33 448
34 512
35 585
36 668
37 760
38 864
39 982
40 1113
41 1260
42 1426
43 1610
44 1816
45 2048
46 2304
47 2590
48 2910
49 3264
50 3658
51 4097
52 4582
53 5120
54 5718
55 6378
56 7108
57 7917
58 8808
59 9792
60 10880
61 12076
62 13394
63 14848
64 16444
65 18200
66 20132
67 22250
68 24576
69 27130
70 29927
71 32992
72 36352
73 40026
74 44046
75 48446
76 53250
77 58499
78 64234
79 70488
80 77312
81 84756
82 92864
83 101698
84 111322
85 121792
86 133184
87 145578
88 159046
89 173682
90 189586
91 206848
92 225585
93 245920
94 267968
95 291874
96 317788
97 345856
98 376256
99 409174
100 444793
101 483330
102 525016
103 570078
104 618784
105 671418
106 728260
107 789640
108 855906
109 927406
110 1004544
111 1087744
112 1177438
113 1274118
114 1378304
115 1490528
116 1611388
117 1741521
118 1881578
119 2032290
120 2194432
121 2368800
122 2556284
123 2757826
124 2974400
125 3207086
126 3457027
127 3725410
128 4013544
129 4322816
130 4654670
131 5010688
132 5392550
133 5802008
134 6240974
135 6711480
136 7215644
137 7755776
138 8334326
139 8953856
140 9617150
141 10327156
142 11086968
143 11899934
144 12769602
145 13699699
146 14694244
147 15757502
148 16893952
149 18108418
150 19406016
151 20792120
152 22272512
153 23853318
154 25540982
155 27342421
156 29264960
157 31316314
158 33504746
159 35839008
160 38328320
161 40982540
162 43812110
163 46828032
164 50042056
165 53466624
166 57114844
167 61000704
168 65139008
169 69545358
170 74236384
171 79229676
172 84543782
173 90198446
174 96214550
175 102614114
176 109420549
177 116658616
178 124354422
179 132535702
180 141231780
181 150473568
182 160293888
183 170727424
184 181810744
185 193582642
186 206084096
187 219358315
188 233451098
189 248410816
190 264288462
191 281138048
192 299016608
193 317984256
194 338104630
195 359444904
196 382075868
197 406072422
198 431513602
199 458482688
200 487067746