2-->1 0 0 0 0 0 0 0 0 0 0 0 0 0 0 0 0 0 0 0 0 0 0 0 0 0 0 0 0 0 0 0 1 0 0 0 0 0 0 0 0 0 0 0 0 0 0 0 0 0 0 0 0 0 0 0 0 0 0 0 0 0 0 0 1 0 0 0 0 0 0 0 0 0 0 0 0 0 0 0 0 0 0 0 0 0 0 0 0 0 0 0 0 0 0 0 1 0 0 0 
3-->1 2 1 2 1 2 1 2 1 2 1 2 1 2 1 2 1 2 1 2 1 2 1 2 1 2 1 2 1 2 1 -2 1 2 1 2 1 2 1 2 1 2 1 2 1 2 1 2 1 2 1 2 1 2 1 2 1 2 1 2 1 2 1 -2 1 2 1 2 1 2 1 2 1 2 1 2 1 2 1 2 1 2 1 2 1 2 1 2 1 2 1 2 1 2 1 -2 1 2 1 2 
4-->1 2 0 0 0 0 0 0 0 0 0 0 0 0 0 0 0 0 0 0 0 0 0 0 0 0 0 0 0 0 0 0 1 2 0 0 0 0 0 0 0 0 0 0 0 0 0 0 0 0 0 0 0 0 0 0 0 0 0 0 0 0 0 0 1 2 0 0 0 0 0 0 0 0 0 0 0 0 0 0 0 0 0 0 0 0 0 0 0 0 0 0 0 0 0 0 1 2 0 0 
5-->1 2 4 3 1 2 4 3 1 2 4 3 1 2 4 3 1 2 4 3 1 2 4 3 1 2 4 3 1 2 4 -3 1 2 4 3 1 2 4 3 1 2 4 3 1 2 4 3 1 2 4 3 1 2 4 3 1 2 4 3 1 2 4 -3 1 2 4 3 1 2 4 3 1 2 4 3 1 2 4 3 1 2 4 3 1 2 4 3 1 2 4 3 1 2 4 -3 1 2 4 3 
6-->1 2 4 2 4 2 4 2 4 2 4 2 4 2 4 2 4 2 4 2 4 2 4 2 4 2 4 2 4 2 4 -2 1 2 4 2 4 2 4 2 4 2 4 2 4 2 4 2 4 2 4 2 4 2 4 2 4 2 4 2 4 2 4 -2 1 2 4 2 4 2 4 2 4 2 4 2 4 2 4 2 4 2 4 2 4 2 4 2 4 2 4 2 4 2 4 -2 1 2 4 2 
7-->1 2 4 1 2 4 1 2 4 1 2 4 1 2 4 1 2 4 1 2 4 1 2 4 1 2 4 1 2 4 1 -2 1 2 4 1 2 4 1 2 4 1 2 4 1 2 4 1 2 4 1 2 4 1 2 4 1 2 4 1 2 4 1 -2 1 2 4 1 2 4 1 2 4 1 2 4 1 2 4 1 2 4 1 2 4 1 2 4 1 2 4 1 2 4 1 -2 1 2 4 1 
8-->1 2 4 0 0 0 0 0 0 0 0 0 0 0 0 0 0 0 0 0 0 0 0 0 0 0 0 0 0 0 0 0 1 2 4 0 0 0 0 0 0 0 0 0 0 0 0 0 0 0 0 0 0 0 0 0 0 0 0 0 0 0 0 0 1 2 4 0 0 0 0 0 0 0 0 0 0 0 0 0 0 0 0 0 0 0 0 0 0 0 0 0 0 0 0 0 1 2 4 0 
9-->1 2 4 8 7 5 1 2 4 8 7 5 1 2 4 8 7 5 1 2 4 8 7 5 1 2 4 8 7 5 1 -2 1 2 4 8 7 5 1 2 4 8 7 5 1 2 4 8 7 5 1 2 4 8 7 5 1 2 4 8 7 5 1 -2 1 2 4 8 7 5 1 2 4 8 7 5 1 2 4 8 7 5 1 2 4 8 7 5 1 2 4 8 7 5 1 -2 1 2 4 8 
10-->1 2 4 8 6 2 4 8 6 2 4 8 6 2 4 8 6 2 4 8 6 2 4 8 6 2 4 8 6 2 4 -8 1 2 4 8 6 2 4 8 6 2 4 8 6 2 4 8 6 2 4 8 6 2 4 8 6 2 4 8 6 2 4 -8 1 2 4 8 6 2 4 8 6 2 4 8 6 2 4 8 6 2 4 8 6 2 4 8 6 2 4 8 6 2 4 -8 1 2 4 8 
11-->1 2 4 8 5 10 9 7 3 6 1 2 4 8 5 10 9 7 3 6 1 2 4 8 5 10 9 7 3 6 1 -2 1 2 4 8 5 10 9 7 3 6 1 2 4 8 5 10 9 7 3 6 1 2 4 8 5 10 9 7 3 6 1 -2 1 2 4 8 5 10 9 7 3 6 1 2 4 8 5 10 9 7 3 6 1 2 4 8 5 10 9 7 3 6 1 -2 1 2 4 8 
12-->1 2 4 8 4 8 4 8 4 8 4 8 4 8 4 8 4 8 4 8 4 8 4 8 4 8 4 8 4 8 4 -8 1 2 4 8 4 8 4 8 4 8 4 8 4 8 4 8 4 8 4 8 4 8 4 8 4 8 4 8 4 8 4 -8 1 2 4 8 4 8 4 8 4 8 4 8 4 8 4 8 4 8 4 8 4 8 4 8 4 8 4 8 4 8 4 -8 1 2 4 8 
13-->1 2 4 8 3 6 12 11 9 5 10 7 1 2 4 8 3 6 12 11 9 5 10 7 1 2 4 8 3 6 12 -11 1 2 4 8 3 6 12 11 9 5 10 7 1 2 4 8 3 6 12 11 9 5 10 7 1 2 4 8 3 6 12 -11 1 2 4 8 3 6 12 11 9 5 10 7 1 2 4 8 3 6 12 11 9 5 10 7 1 2 4 8 3 6 12 -11 1 2 4 8 
14-->1 2 4 8 2 4 8 2 4 8 2 4 8 2 4 8 2 4 8 2 4 8 2 4 8 2 4 8 2 4 8 -2 1 2 4 8 2 4 8 2 4 8 2 4 8 2 4 8 2 4 8 2 4 8 2 4 8 2 4 8 2 4 8 -2 1 2 4 8 2 4 8 2 4 8 2 4 8 2 4 8 2 4 8 2 4 8 2 4 8 2 4 8 2 4 8 -2 1 2 4 8 
15-->1 2 4 8 1 2 4 8 1 2 4 8 1 2 4 8 1 2 4 8 1 2 4 8 1 2 4 8 1 2 4 -8 1 2 4 8 1 2 4 8 1 2 4 8 1 2 4 8 1 2 4 8 1 2 4 8 1 2 4 8 1 2 4 -8 1 2 4 8 1 2 4 8 1 2 4 8 1 2 4 8 1 2 4 8 1 2 4 8 1 2 4 8 1 2 4 -8 1 2 4 8 
16-->1 2 4 8 0 0 0 0 0 0 0 0 0 0 0 0 0 0 0 0 0 0 0 0 0 0 0 0 0 0 0 0 1 2 4 8 0 0 0 0 0 0 0 0 0 0 0 0 0 0 0 0 0 0 0 0 0 0 0 0 0 0 0 0 1 2 4 8 0 0 0 0 0 0 0 0 0 0 0 0 0 0 0 0 0 0 0 0 0 0 0 0 0 0 0 0 1 2 4 8 
17-->1 2 4 8 16 15 13 9 1 2 4 8 16 15 13 9 1 2 4 8 16 15 13 9 1 2 4 8 16 15 13 -9 1 2 4 8 16 15 13 9 1 2 4 8 16 15 13 9 1 2 4 8 16 15 13 9 1 2 4 8 16 15 13 -9 1 2 4 8 16 15 13 9 1 2 4 8 16 15 13 9 1 2 4 8 16 15 13 9 1 2 4 8 16 15 13 -9 1 2 4 8 
18-->1 2 4 8 16 14 10 2 4 8 16 14 10 2 4 8 16 14 10 2 4 8 16 14 10 2 4 8 16 14 10 -2 1 2 4 8 16 14 10 2 4 8 16 14 10 2 4 8 16 14 10 2 4 8 16 14 10 2 4 8 16 14 10 -2 1 2 4 8 16 14 10 2 4 8 16 14 10 2 4 8 16 14 10 2 4 8 16 14 10 2 4 8 16 14 10 -2 1 2 4 8 
19-->1 2 4 8 16 13 7 14 9 18 17 15 11 3 6 12 5 10 1 2 4 8 16 13 7 14 9 18 17 15 11 -3 1 2 4 8 16 13 7 14 9 18 17 15 11 3 6 12 5 10 1 2 4 8 16 13 7 14 9 18 17 15 11 -3 1 2 4 8 16 13 7 14 9 18 17 15 11 3 6 12 5 10 1 2 4 8 16 13 7 14 9 18 17 15 11 -3 1 2 4 8 
20-->1 2 4 8 16 12 4 8 16 12 4 8 16 12 4 8 16 12 4 8 16 12 4 8 16 12 4 8 16 12 4 -8 1 2 4 8 16 12 4 8 16 12 4 8 16 12 4 8 16 12 4 8 16 12 4 8 16 12 4 8 16 12 4 -8 1 2 4 8 16 12 4 8 16 12 4 8 16 12 4 8 16 12 4 8 16 12 4 8 16 12 4 8 16 12 4 -8 1 2 4 8 
21-->1 2 4 8 16 11 1 2 4 8 16 11 1 2 4 8 16 11 1 2 4 8 16 11 1 2 4 8 16 11 1 -2 1 2 4 8 16 11 1 2 4 8 16 11 1 2 4 8 16 11 1 2 4 8 16 11 1 2 4 8 16 11 1 -2 1 2 4 8 16 11 1 2 4 8 16 11 1 2 4 8 16 11 1 2 4 8 16 11 1 2 4 8 16 11 1 -2 1 2 4 8 
22-->1 2 4 8 16 10 20 18 14 6 12 2 4 8 16 10 20 18 14 6 12 2 4 8 16 10 20 18 14 6 12 -2 1 2 4 8 16 10 20 18 14 6 12 2 4 8 16 10 20 18 14 6 12 2 4 8 16 10 20 18 14 6 12 -2 1 2 4 8 16 10 20 18 14 6 12 2 4 8 16 10 20 18 14 6 12 2 4 8 16 10 20 18 14 6 12 -2 1 2 4 8 
23-->1 2 4 8 16 9 18 13 3 6 12 1 2 4 8 16 9 18 13 3 6 12 1 2 4 8 16 9 18 13 3 -6 1 2 4 8 16 9 18 13 3 6 12 1 2 4 8 16 9 18 13 3 6 12 1 2 4 8 16 9 18 13 3 -6 1 2 4 8 16 9 18 13 3 6 12 1 2 4 8 16 9 18 13 3 6 12 1 2 4 8 16 9 18 13 3 -6 1 2 4 8 
24-->1 2 4 8 16 8 16 8 16 8 16 8 16 8 16 8 16 8 16 8 16 8 16 8 16 8 16 8 16 8 16 -8 1 2 4 8 16 8 16 8 16 8 16 8 16 8 16 8 16 8 16 8 16 8 16 8 16 8 16 8 16 8 16 -8 1 2 4 8 16 8 16 8 16 8 16 8 16 8 16 8 16 8 16 8 16 8 16 8 16 8 16 8 16 8 16 -8 1 2 4 8 
25-->1 2 4 8 16 7 14 3 6 12 24 23 21 17 9 18 11 22 19 13 1 2 4 8 16 7 14 3 6 12 24 -23 1 2 4 8 16 7 14 3 6 12 24 23 21 17 9 18 11 22 19 13 1 2 4 8 16 7 14 3 6 12 24 -23 1 2 4 8 16 7 14 3 6 12 24 23 21 17 9 18 11 22 19 13 1 2 4 8 16 7 14 3 6 12 24 -23 1 2 4 8 
26-->1 2 4 8 16 6 12 24 22 18 10 20 14 2 4 8 16 6 12 24 22 18 10 20 14 2 4 8 16 6 12 -24 1 2 4 8 16 6 12 24 22 18 10 20 14 2 4 8 16 6 12 24 22 18 10 20 14 2 4 8 16 6 12 -24 1 2 4 8 16 6 12 24 22 18 10 20 14 2 4 8 16 6 12 24 22 18 10 20 14 2 4 8 16 6 12 -24 1 2 4 8 
27-->1 2 4 8 16 5 10 20 13 26 25 23 19 11 22 17 7 14 1 2 4 8 16 5 10 20 13 26 25 23 19 -11 1 2 4 8 16 5 10 20 13 26 25 23 19 11 22 17 7 14 1 2 4 8 16 5 10 20 13 26 25 23 19 -11 1 2 4 8 16 5 10 20 13 26 25 23 19 11 22 17 7 14 1 2 4 8 16 5 10 20 13 26 25 23 19 -11 1 2 4 8 
28-->1 2 4 8 16 4 8 16 4 8 16 4 8 16 4 8 16 4 8 16 4 8 16 4 8 16 4 8 16 4 8 -16 1 2 4 8 16 4 8 16 4 8 16 4 8 16 4 8 16 4 8 16 4 8 16 4 8 16 4 8 16 4 8 -16 1 2 4 8 16 4 8 16 4 8 16 4 8 16 4 8 16 4 8 16 4 8 16 4 8 16 4 8 16 4 8 -16 1 2 4 8 
29-->1 2 4 8 16 3 6 12 24 19 9 18 7 14 28 27 25 21 13 26 23 17 5 10 20 11 22 15 1 2 4 -8 1 2 4 8 16 3 6 12 24 19 9 18 7 14 28 27 25 21 13 26 23 17 5 10 20 11 22 15 1 2 4 -8 1 2 4 8 16 3 6 12 24 19 9 18 7 14 28 27 25 21 13 26 23 17 5 10 20 11 22 15 1 2 4 -8 1 2 4 8 
30-->1 2 4 8 16 2 4 8 16 2 4 8 16 2 4 8 16 2 4 8 16 2 4 8 16 2 4 8 16 2 4 -8 1 2 4 8 16 2 4 8 16 2 4 8 16 2 4 8 16 2 4 8 16 2 4 8 16 2 4 8 16 2 4 -8 1 2 4 8 16 2 4 8 16 2 4 8 16 2 4 8 16 2 4 8 16 2 4 8 16 2 4 8 16 2 4 -8 1 2 4 8 
31-->1 2 4 8 16 1 2 4 8 16 1 2 4 8 16 1 2 4 8 16 1 2 4 8 16 1 2 4 8 16 1 -2 1 2 4 8 16 1 2 4 8 16 1 2 4 8 16 1 2 4 8 16 1 2 4 8 16 1 2 4 8 16 1 -2 1 2 4 8 16 1 2 4 8 16 1 2 4 8 16 1 2 4 8 16 1 2 4 8 16 1 2 4 8 16 1 -2 1 2 4 8 
32-->1 2 4 8 16 0 0 0 0 0 0 0 0 0 0 0 0 0 0 0 0 0 0 0 0 0 0 0 0 0 0 0 1 2 4 8 16 0 0 0 0 0 0 0 0 0 0 0 0 0 0 0 0 0 0 0 0 0 0 0 0 0 0 0 1 2 4 8 16 0 0 0 0 0 0 0 0 0 0 0 0 0 0 0 0 0 0 0 0 0 0 0 0 0 0 0 1 2 4 8 
33-->1 2 4 8 16 32 31 29 25 17 1 2 4 8 16 32 31 29 25 17 1 2 4 8 16 32 31 29 25 17 1 -2 1 2 4 8 16 32 31 29 25 17 1 2 4 8 16 32 31 29 25 17 1 2 4 8 16 32 31 29 25 17 1 -2 1 2 4 8 16 32 31 29 25 17 1 2 4 8 16 32 31 29 25 17 1 2 4 8 16 32 31 29 25 17 1 -2 1 2 4 8 
34-->1 2 4 8 16 32 30 26 18 2 4 8 16 32 30 26 18 2 4 8 16 32 30 26 18 2 4 8 16 32 30 -26 1 2 4 8 16 32 30 26 18 2 4 8 16 32 30 26 18 2 4 8 16 32 30 26 18 2 4 8 16 32 30 -26 1 2 4 8 16 32 30 26 18 2 4 8 16 32 30 26 18 2 4 8 16 32 30 26 18 2 4 8 16 32 30 -26 1 2 4 8 
35-->1 2 4 8 16 32 29 23 11 22 9 18 1 2 4 8 16 32 29 23 11 22 9 18 1 2 4 8 16 32 29 -23 1 2 4 8 16 32 29 23 11 22 9 18 1 2 4 8 16 32 29 23 11 22 9 18 1 2 4 8 16 32 29 -23 1 2 4 8 16 32 29 23 11 22 9 18 1 2 4 8 16 32 29 23 11 22 9 18 1 2 4 8 16 32 29 -23 1 2 4 8 
36-->1 2 4 8 16 32 28 20 4 8 16 32 28 20 4 8 16 32 28 20 4 8 16 32 28 20 4 8 16 32 28 -20 1 2 4 8 16 32 28 20 4 8 16 32 28 20 4 8 16 32 28 20 4 8 16 32 28 20 4 8 16 32 28 -20 1 2 4 8 16 32 28 20 4 8 16 32 28 20 4 8 16 32 28 20 4 8 16 32 28 20 4 8 16 32 28 -20 1 2 4 8 
37-->1 2 4 8 16 32 27 17 34 31 25 13 26 15 30 23 9 18 36 35 33 29 21 5 10 20 3 6 12 24 11 -22 1 2 4 8 16 32 27 17 34 31 25 13 26 15 30 23 9 18 36 35 33 29 21 5 10 20 3 6 12 24 11 -22 1 2 4 8 16 32 27 17 34 31 25 13 26 15 30 23 9 18 36 35 33 29 21 5 10 20 3 6 12 24 11 -22 1 2 4 8 
38-->1 2 4 8 16 32 26 14 28 18 36 34 30 22 6 12 24 10 20 2 4 8 16 32 26 14 28 18 36 34 30 -22 1 2 4 8 16 32 26 14 28 18 36 34 30 22 6 12 24 10 20 2 4 8 16 32 26 14 28 18 36 34 30 -22 1 2 4 8 16 32 26 14 28 18 36 34 30 22 6 12 24 10 20 2 4 8 16 32 26 14 28 18 36 34 30 -22 1 2 4 8 
39-->1 2 4 8 16 32 25 11 22 5 10 20 1 2 4 8 16 32 25 11 22 5 10 20 1 2 4 8 16 32 25 -11 1 2 4 8 16 32 25 11 22 5 10 20 1 2 4 8 16 32 25 11 22 5 10 20 1 2 4 8 16 32 25 -11 1 2 4 8 16 32 25 11 22 5 10 20 1 2 4 8 16 32 25 11 22 5 10 20 1 2 4 8 16 32 25 -11 1 2 4 8 
40-->1 2 4 8 16 32 24 8 16 32 24 8 16 32 24 8 16 32 24 8 16 32 24 8 16 32 24 8 16 32 24 -8 1 2 4 8 16 32 24 8 16 32 24 8 16 32 24 8 16 32 24 8 16 32 24 8 16 32 24 8 16 32 24 -8 1 2 4 8 16 32 24 8 16 32 24 8 16 32 24 8 16 32 24 8 16 32 24 8 16 32 24 8 16 32 24 -8 1 2 4 8 
41-->1 2 4 8 16 32 23 5 10 20 40 39 37 33 25 9 18 36 31 21 1 2 4 8 16 32 23 5 10 20 40 -39 1 2 4 8 16 32 23 5 10 20 40 39 37 33 25 9 18 36 31 21 1 2 4 8 16 32 23 5 10 20 40 -39 1 2 4 8 16 32 23 5 10 20 40 39 37 33 25 9 18 36 31 21 1 2 4 8 16 32 23 5 10 20 40 -39 1 2 4 8 
42-->1 2 4 8 16 32 22 2 4 8 16 32 22 2 4 8 16 32 22 2 4 8 16 32 22 2 4 8 16 32 22 -2 1 2 4 8 16 32 22 2 4 8 16 32 22 2 4 8 16 32 22 2 4 8 16 32 22 2 4 8 16 32 22 -2 1 2 4 8 16 32 22 2 4 8 16 32 22 2 4 8 16 32 22 2 4 8 16 32 22 2 4 8 16 32 22 -2 1 2 4 8 
43-->1 2 4 8 16 32 21 42 41 39 35 27 11 22 1 2 4 8 16 32 21 42 41 39 35 27 11 22 1 2 4 -8 1 2 4 8 16 32 21 42 41 39 35 27 11 22 1 2 4 8 16 32 21 42 41 39 35 27 11 22 1 2 4 -8 1 2 4 8 16 32 21 42 41 39 35 27 11 22 1 2 4 8 16 32 21 42 41 39 35 27 11 22 1 2 4 -8 1 2 4 8 
44-->1 2 4 8 16 32 20 40 36 28 12 24 4 8 16 32 20 40 36 28 12 24 4 8 16 32 20 40 36 28 12 -24 1 2 4 8 16 32 20 40 36 28 12 24 4 8 16 32 20 40 36 28 12 24 4 8 16 32 20 40 36 28 12 -24 1 2 4 8 16 32 20 40 36 28 12 24 4 8 16 32 20 40 36 28 12 24 4 8 16 32 20 40 36 28 12 -24 1 2 4 8 
45-->1 2 4 8 16 32 19 38 31 17 34 23 1 2 4 8 16 32 19 38 31 17 34 23 1 2 4 8 16 32 19 -38 1 2 4 8 16 32 19 38 31 17 34 23 1 2 4 8 16 32 19 38 31 17 34 23 1 2 4 8 16 32 19 -38 1 2 4 8 16 32 19 38 31 17 34 23 1 2 4 8 16 32 19 38 31 17 34 23 1 2 4 8 16 32 19 -38 1 2 4 8 
46-->1 2 4 8 16 32 18 36 26 6 12 24 2 4 8 16 32 18 36 26 6 12 24 2 4 8 16 32 18 36 26 -6 1 2 4 8 16 32 18 36 26 6 12 24 2 4 8 16 32 18 36 26 6 12 24 2 4 8 16 32 18 36 26 -6 1 2 4 8 16 32 18 36 26 6 12 24 2 4 8 16 32 18 36 26 6 12 24 2 4 8 16 32 18 36 26 -6 1 2 4 8 
47-->1 2 4 8 16 32 17 34 21 42 37 27 7 14 28 9 18 36 25 3 6 12 24 1 2 4 8 16 32 17 34 -21 1 2 4 8 16 32 17 34 21 42 37 27 7 14 28 9 18 36 25 3 6 12 24 1 2 4 8 16 32 17 34 -21 1 2 4 8 16 32 17 34 21 42 37 27 7 14 28 9 18 36 25 3 6 12 24 1 2 4 8 16 32 17 34 -21 1 2 4 8 
48-->1 2 4 8 16 32 16 32 16 32 16 32 16 32 16 32 16 32 16 32 16 32 16 32 16 32 16 32 16 32 16 -32 1 2 4 8 16 32 16 32 16 32 16 32 16 32 16 32 16 32 16 32 16 32 16 32 16 32 16 32 16 32 16 -32 1 2 4 8 16 32 16 32 16 32 16 32 16 32 16 32 16 32 16 32 16 32 16 32 16 32 16 32 16 32 16 -32 1 2 4 8 
49-->1 2 4 8 16 32 15 30 11 22 44 39 29 9 18 36 23 46 43 37 25 1 2 4 8 16 32 15 30 11 22 -44 1 2 4 8 16 32 15 30 11 22 44 39 29 9 18 36 23 46 43 37 25 1 2 4 8 16 32 15 30 11 22 -44 1 2 4 8 16 32 15 30 11 22 44 39 29 9 18 36 23 46 43 37 25 1 2 4 8 16 32 15 30 11 22 -44 1 2 4 8 
50-->1 2 4 8 16 32 14 28 6 12 24 48 46 42 34 18 36 22 44 38 26 2 4 8 16 32 14 28 6 12 24 -48 1 2 4 8 16 32 14 28 6 12 24 48 46 42 34 18 36 22 44 38 26 2 4 8 16 32 14 28 6 12 24 -48 1 2 4 8 16 32 14 28 6 12 24 48 46 42 34 18 36 22 44 38 26 2 4 8 16 32 14 28 6 12 24 -48 1 2 4 8 
51-->1 2 4 8 16 32 13 26 1 2 4 8 16 32 13 26 1 2 4 8 16 32 13 26 1 2 4 8 16 32 13 -26 1 2 4 8 16 32 13 26 1 2 4 8 16 32 13 26 1 2 4 8 16 32 13 26 1 2 4 8 16 32 13 -26 1 2 4 8 16 32 13 26 1 2 4 8 16 32 13 26 1 2 4 8 16 32 13 26 1 2 4 8 16 32 13 -26 1 2 4 8 
52-->1 2 4 8 16 32 12 24 48 44 36 20 40 28 4 8 16 32 12 24 48 44 36 20 40 28 4 8 16 32 12 -24 1 2 4 8 16 32 12 24 48 44 36 20 40 28 4 8 16 32 12 24 48 44 36 20 40 28 4 8 16 32 12 -24 1 2 4 8 16 32 12 24 48 44 36 20 40 28 4 8 16 32 12 24 48 44 36 20 40 28 4 8 16 32 12 -24 1 2 4 8 
53-->1 2 4 8 16 32 11 22 44 35 17 34 15 30 7 14 28 3 6 12 24 48 43 33 13 26 52 51 49 45 37 -21 1 2 4 8 16 32 11 22 44 35 17 34 15 30 7 14 28 3 6 12 24 48 43 33 13 26 52 51 49 45 37 -21 1 2 4 8 16 32 11 22 44 35 17 34 15 30 7 14 28 3 6 12 24 48 43 33 13 26 52 51 49 45 37 -21 1 2 4 8 
54-->1 2 4 8 16 32 10 20 40 26 52 50 46 38 22 44 34 14 28 2 4 8 16 32 10 20 40 26 52 50 46 -38 1 2 4 8 16 32 10 20 40 26 52 50 46 38 22 44 34 14 28 2 4 8 16 32 10 20 40 26 52 50 46 -38 1 2 4 8 16 32 10 20 40 26 52 50 46 38 22 44 34 14 28 2 4 8 16 32 10 20 40 26 52 50 46 -38 1 2 4 8 
55-->1 2 4 8 16 32 9 18 36 17 34 13 26 52 49 43 31 7 14 28 1 2 4 8 16 32 9 18 36 17 34 -13 1 2 4 8 16 32 9 18 36 17 34 13 26 52 49 43 31 7 14 28 1 2 4 8 16 32 9 18 36 17 34 -13 1 2 4 8 16 32 9 18 36 17 34 13 26 52 49 43 31 7 14 28 1 2 4 8 16 32 9 18 36 17 34 -13 1 2 4 8 
56-->1 2 4 8 16 32 8 16 32 8 16 32 8 16 32 8 16 32 8 16 32 8 16 32 8 16 32 8 16 32 8 -16 1 2 4 8 16 32 8 16 32 8 16 32 8 16 32 8 16 32 8 16 32 8 16 32 8 16 32 8 16 32 8 -16 1 2 4 8 16 32 8 16 32 8 16 32 8 16 32 8 16 32 8 16 32 8 16 32 8 16 32 8 16 32 8 -16 1 2 4 8 
57-->1 2 4 8 16 32 7 14 28 56 55 53 49 41 25 50 43 29 1 2 4 8 16 32 7 14 28 56 55 53 49 -41 1 2 4 8 16 32 7 14 28 56 55 53 49 41 25 50 43 29 1 2 4 8 16 32 7 14 28 56 55 53 49 -41 1 2 4 8 16 32 7 14 28 56 55 53 49 41 25 50 43 29 1 2 4 8 16 32 7 14 28 56 55 53 49 -41 1 2 4 8 
58-->1 2 4 8 16 32 6 12 24 48 38 18 36 14 28 56 54 50 42 26 52 46 34 10 20 40 22 44 30 2 4 -8 1 2 4 8 16 32 6 12 24 48 38 18 36 14 28 56 54 50 42 26 52 46 34 10 20 40 22 44 30 2 4 -8 1 2 4 8 16 32 6 12 24 48 38 18 36 14 28 56 54 50 42 26 52 46 34 10 20 40 22 44 30 2 4 -8 1 2 4 8 
59-->1 2 4 8 16 32 5 10 20 40 21 42 25 50 41 23 46 33 7 14 28 56 53 47 35 11 22 44 29 58 57 -55 1 2 4 8 16 32 5 10 20 40 21 42 25 50 41 23 46 33 7 14 28 56 53 47 35 11 22 44 29 58 57 -55 1 2 4 8 16 32 5 10 20 40 21 42 25 50 41 23 46 33 7 14 28 56 53 47 35 11 22 44 29 58 57 -55 1 2 4 8 
60-->1 2 4 8 16 32 4 8 16 32 4 8 16 32 4 8 16 32 4 8 16 32 4 8 16 32 4 8 16 32 4 -8 1 2 4 8 16 32 4 8 16 32 4 8 16 32 4 8 16 32 4 8 16 32 4 8 16 32 4 8 16 32 4 -8 1 2 4 8 16 32 4 8 16 32 4 8 16 32 4 8 16 32 4 8 16 32 4 8 16 32 4 8 16 32 4 -8 1 2 4 8 
61-->1 2 4 8 16 32 3 6 12 24 48 35 9 18 36 11 22 44 27 54 47 33 5 10 20 40 19 38 15 30 60 -59 1 2 4 8 16 32 3 6 12 24 48 35 9 18 36 11 22 44 27 54 47 33 5 10 20 40 19 38 15 30 60 -59 1 2 4 8 16 32 3 6 12 24 48 35 9 18 36 11 22 44 27 54 47 33 5 10 20 40 19 38 15 30 60 -59 1 2 4 8 
62-->1 2 4 8 16 32 2 4 8 16 32 2 4 8 16 32 2 4 8 16 32 2 4 8 16 32 2 4 8 16 32 -2 1 2 4 8 16 32 2 4 8 16 32 2 4 8 16 32 2 4 8 16 32 2 4 8 16 32 2 4 8 16 32 -2 1 2 4 8 16 32 2 4 8 16 32 2 4 8 16 32 2 4 8 16 32 2 4 8 16 32 2 4 8 16 32 -2 1 2 4 8 
63-->1 2 4 8 16 32 1 2 4 8 16 32 1 2 4 8 16 32 1 2 4 8 16 32 1 2 4 8 16 32 1 -2 1 2 4 8 16 32 1 2 4 8 16 32 1 2 4 8 16 32 1 2 4 8 16 32 1 2 4 8 16 32 1 -2 1 2 4 8 16 32 1 2 4 8 16 32 1 2 4 8 16 32 1 2 4 8 16 32 1 2 4 8 16 32 1 -2 1 2 4 8 
64-->1 2 4 8 16 32 0 0 0 0 0 0 0 0 0 0 0 0 0 0 0 0 0 0 0 0 0 0 0 0 0 0 1 2 4 8 16 32 0 0 0 0 0 0 0 0 0 0 0 0 0 0 0 0 0 0 0 0 0 0 0 0 0 0 1 2 4 8 16 32 0 0 0 0 0 0 0 0 0 0 0 0 0 0 0 0 0 0 0 0 0 0 0 0 0 0 1 2 4 8 
65-->1 2 4 8 16 32 64 63 61 57 49 33 1 2 4 8 16 32 64 63 61 57 49 33 1 2 4 8 16 32 64 -63 1 2 4 8 16 32 64 63 61 57 49 33 1 2 4 8 16 32 64 63 61 57 49 33 1 2 4 8 16 32 64 -63 1 2 4 8 16 32 64 63 61 57 49 33 1 2 4 8 16 32 64 63 61 57 49 33 1 2 4 8 16 32 64 -63 1 2 4 8 
66-->1 2 4 8 16 32 64 62 58 50 34 2 4 8 16 32 64 62 58 50 34 2 4 8 16 32 64 62 58 50 34 -2 1 2 4 8 16 32 64 62 58 50 34 2 4 8 16 32 64 62 58 50 34 2 4 8 16 32 64 62 58 50 34 -2 1 2 4 8 16 32 64 62 58 50 34 2 4 8 16 32 64 62 58 50 34 2 4 8 16 32 64 62 58 50 34 -2 1 2 4 8 
67-->1 2 4 8 16 32 64 61 55 43 19 38 9 18 36 5 10 20 40 13 26 52 37 7 14 28 56 45 23 46 25 -50 1 2 4 8 16 32 64 61 55 43 19 38 9 18 36 5 10 20 40 13 26 52 37 7 14 28 56 45 23 46 25 -50 1 2 4 8 16 32 64 61 55 43 19 38 9 18 36 5 10 20 40 13 26 52 37 7 14 28 56 45 23 46 25 -50 1 2 4 8 
68-->1 2 4 8 16 32 64 60 52 36 4 8 16 32 64 60 52 36 4 8 16 32 64 60 52 36 4 8 16 32 64 -60 1 2 4 8 16 32 64 60 52 36 4 8 16 32 64 60 52 36 4 8 16 32 64 60 52 36 4 8 16 32 64 -60 1 2 4 8 16 32 64 60 52 36 4 8 16 32 64 60 52 36 4 8 16 32 64 60 52 36 4 8 16 32 64 -60 1 2 4 8 
69-->1 2 4 8 16 32 64 59 49 29 58 47 25 50 31 62 55 41 13 26 52 35 1 2 4 8 16 32 64 59 49 -29 1 2 4 8 16 32 64 59 49 29 58 47 25 50 31 62 55 41 13 26 52 35 1 2 4 8 16 32 64 59 49 -29 1 2 4 8 16 32 64 59 49 29 58 47 25 50 31 62 55 41 13 26 52 35 1 2 4 8 16 32 64 59 49 -29 1 2 4 8 
70-->1 2 4 8 16 32 64 58 46 22 44 18 36 2 4 8 16 32 64 58 46 22 44 18 36 2 4 8 16 32 64 -58 1 2 4 8 16 32 64 58 46 22 44 18 36 2 4 8 16 32 64 58 46 22 44 18 36 2 4 8 16 32 64 -58 1 2 4 8 16 32 64 58 46 22 44 18 36 2 4 8 16 32 64 58 46 22 44 18 36 2 4 8 16 32 64 -58 1 2 4 8 
71-->1 2 4 8 16 32 64 57 43 15 30 60 49 27 54 37 3 6 12 24 48 25 50 29 58 45 19 38 5 10 20 -40 1 2 4 8 16 32 64 57 43 15 30 60 49 27 54 37 3 6 12 24 48 25 50 29 58 45 19 38 5 10 20 -40 1 2 4 8 16 32 64 57 43 15 30 60 49 27 54 37 3 6 12 24 48 25 50 29 58 45 19 38 5 10 20 -40 1 2 4 8 
72-->1 2 4 8 16 32 64 56 40 8 16 32 64 56 40 8 16 32 64 56 40 8 16 32 64 56 40 8 16 32 64 -56 1 2 4 8 16 32 64 56 40 8 16 32 64 56 40 8 16 32 64 56 40 8 16 32 64 56 40 8 16 32 64 -56 1 2 4 8 16 32 64 56 40 8 16 32 64 56 40 8 16 32 64 56 40 8 16 32 64 56 40 8 16 32 64 -56 1 2 4 8 
73-->1 2 4 8 16 32 64 55 37 1 2 4 8 16 32 64 55 37 1 2 4 8 16 32 64 55 37 1 2 4 8 -16 1 2 4 8 16 32 64 55 37 1 2 4 8 16 32 64 55 37 1 2 4 8 16 32 64 55 37 1 2 4 8 -16 1 2 4 8 16 32 64 55 37 1 2 4 8 16 32 64 55 37 1 2 4 8 16 32 64 55 37 1 2 4 8 -16 1 2 4 8 
74-->1 2 4 8 16 32 64 54 34 68 62 50 26 52 30 60 46 18 36 72 70 66 58 42 10 20 40 6 12 24 48 -22 1 2 4 8 16 32 64 54 34 68 62 50 26 52 30 60 46 18 36 72 70 66 58 42 10 20 40 6 12 24 48 -22 1 2 4 8 16 32 64 54 34 68 62 50 26 52 30 60 46 18 36 72 70 66 58 42 10 20 40 6 12 24 48 -22 1 2 4 8 
75-->1 2 4 8 16 32 64 53 31 62 49 23 46 17 34 68 61 47 19 38 1 2 4 8 16 32 64 53 31 62 49 -23 1 2 4 8 16 32 64 53 31 62 49 23 46 17 34 68 61 47 19 38 1 2 4 8 16 32 64 53 31 62 49 -23 1 2 4 8 16 32 64 53 31 62 49 23 46 17 34 68 61 47 19 38 1 2 4 8 16 32 64 53 31 62 49 -23 1 2 4 8 
76-->1 2 4 8 16 32 64 52 28 56 36 72 68 60 44 12 24 48 20 40 4 8 16 32 64 52 28 56 36 72 68 -60 1 2 4 8 16 32 64 52 28 56 36 72 68 60 44 12 24 48 20 40 4 8 16 32 64 52 28 56 36 72 68 -60 1 2 4 8 16 32 64 52 28 56 36 72 68 60 44 12 24 48 20 40 4 8 16 32 64 52 28 56 36 72 68 -60 1 2 4 8 
77-->1 2 4 8 16 32 64 51 25 50 23 46 15 30 60 43 9 18 36 72 67 57 37 74 71 65 53 29 58 39 1 -2 1 2 4 8 16 32 64 51 25 50 23 46 15 30 60 43 9 18 36 72 67 57 37 74 71 65 53 29 58 39 1 -2 1 2 4 8 16 32 64 51 25 50 23 46 15 30 60 43 9 18 36 72 67 57 37 74 71 65 53 29 58 39 1 -2 1 2 4 8 
78-->1 2 4 8 16 32 64 50 22 44 10 20 40 2 4 8 16 32 64 50 22 44 10 20 40 2 4 8 16 32 64 -50 1 2 4 8 16 32 64 50 22 44 10 20 40 2 4 8 16 32 64 50 22 44 10 20 40 2 4 8 16 32 64 -50 1 2 4 8 16 32 64 50 22 44 10 20 40 2 4 8 16 32 64 50 22 44 10 20 40 2 4 8 16 32 64 -50 1 2 4 8 
79-->1 2 4 8 16 32 64 49 19 38 76 73 67 55 31 62 45 11 22 44 9 18 36 72 65 51 23 46 13 26 52 -25 1 2 4 8 16 32 64 49 19 38 76 73 67 55 31 62 45 11 22 44 9 18 36 72 65 51 23 46 13 26 52 -25 1 2 4 8 16 32 64 49 19 38 76 73 67 55 31 62 45 11 22 44 9 18 36 72 65 51 23 46 13 26 52 -25 1 2 4 8 
80-->1 2 4 8 16 32 64 48 16 32 64 48 16 32 64 48 16 32 64 48 16 32 64 48 16 32 64 48 16 32 64 -48 1 2 4 8 16 32 64 48 16 32 64 48 16 32 64 48 16 32 64 48 16 32 64 48 16 32 64 48 16 32 64 -48 1 2 4 8 16 32 64 48 16 32 64 48 16 32 64 48 16 32 64 48 16 32 64 48 16 32 64 48 16 32 64 -48 1 2 4 8 
81-->1 2 4 8 16 32 64 47 13 26 52 23 46 11 22 44 7 14 28 56 31 62 43 5 10 20 40 80 79 77 73 -65 1 2 4 8 16 32 64 47 13 26 52 23 46 11 22 44 7 14 28 56 31 62 43 5 10 20 40 80 79 77 73 -65 1 2 4 8 16 32 64 47 13 26 52 23 46 11 22 44 7 14 28 56 31 62 43 5 10 20 40 80 79 77 73 -65 1 2 4 8 
82-->1 2 4 8 16 32 64 46 10 20 40 80 78 74 66 50 18 36 72 62 42 2 4 8 16 32 64 46 10 20 40 -80 1 2 4 8 16 32 64 46 10 20 40 80 78 74 66 50 18 36 72 62 42 2 4 8 16 32 64 46 10 20 40 -80 1 2 4 8 16 32 64 46 10 20 40 80 78 74 66 50 18 36 72 62 42 2 4 8 16 32 64 46 10 20 40 -80 1 2 4 8 
83-->1 2 4 8 16 32 64 45 7 14 28 56 29 58 33 66 49 15 30 60 37 74 65 47 11 22 44 5 10 20 40 -80 1 2 4 8 16 32 64 45 7 14 28 56 29 58 33 66 49 15 30 60 37 74 65 47 11 22 44 5 10 20 40 -80 1 2 4 8 16 32 64 45 7 14 28 56 29 58 33 66 49 15 30 60 37 74 65 47 11 22 44 5 10 20 40 -80 1 2 4 8 
84-->1 2 4 8 16 32 64 44 4 8 16 32 64 44 4 8 16 32 64 44 4 8 16 32 64 44 4 8 16 32 64 -44 1 2 4 8 16 32 64 44 4 8 16 32 64 44 4 8 16 32 64 44 4 8 16 32 64 44 4 8 16 32 64 -44 1 2 4 8 16 32 64 44 4 8 16 32 64 44 4 8 16 32 64 44 4 8 16 32 64 44 4 8 16 32 64 -44 1 2 4 8 
85-->1 2 4 8 16 32 64 43 1 2 4 8 16 32 64 43 1 2 4 8 16 32 64 43 1 2 4 8 16 32 64 -43 1 2 4 8 16 32 64 43 1 2 4 8 16 32 64 43 1 2 4 8 16 32 64 43 1 2 4 8 16 32 64 -43 1 2 4 8 16 32 64 43 1 2 4 8 16 32 64 43 1 2 4 8 16 32 64 43 1 2 4 8 16 32 64 -43 1 2 4 8 
86-->1 2 4 8 16 32 64 42 84 82 78 70 54 22 44 2 4 8 16 32 64 42 84 82 78 70 54 22 44 2 4 -8 1 2 4 8 16 32 64 42 84 82 78 70 54 22 44 2 4 8 16 32 64 42 84 82 78 70 54 22 44 2 4 -8 1 2 4 8 16 32 64 42 84 82 78 70 54 22 44 2 4 8 16 32 64 42 84 82 78 70 54 22 44 2 4 -8 1 2 4 8 
87-->1 2 4 8 16 32 64 41 82 77 67 47 7 14 28 56 25 50 13 26 52 17 34 68 49 11 22 44 1 2 4 -8 1 2 4 8 16 32 64 41 82 77 67 47 7 14 28 56 25 50 13 26 52 17 34 68 49 11 22 44 1 2 4 -8 1 2 4 8 16 32 64 41 82 77 67 47 7 14 28 56 25 50 13 26 52 17 34 68 49 11 22 44 1 2 4 -8 1 2 4 8 
88-->1 2 4 8 16 32 64 40 80 72 56 24 48 8 16 32 64 40 80 72 56 24 48 8 16 32 64 40 80 72 56 -24 1 2 4 8 16 32 64 40 80 72 56 24 48 8 16 32 64 40 80 72 56 24 48 8 16 32 64 40 80 72 56 -24 1 2 4 8 16 32 64 40 80 72 56 24 48 8 16 32 64 40 80 72 56 24 48 8 16 32 64 40 80 72 56 -24 1 2 4 8 
89-->1 2 4 8 16 32 64 39 78 67 45 1 2 4 8 16 32 64 39 78 67 45 1 2 4 8 16 32 64 39 78 -67 1 2 4 8 16 32 64 39 78 67 45 1 2 4 8 16 32 64 39 78 67 45 1 2 4 8 16 32 64 39 78 -67 1 2 4 8 16 32 64 39 78 67 45 1 2 4 8 16 32 64 39 78 67 45 1 2 4 8 16 32 64 39 78 -67 1 2 4 8 
90-->1 2 4 8 16 32 64 38 76 62 34 68 46 2 4 8 16 32 64 38 76 62 34 68 46 2 4 8 16 32 64 -38 1 2 4 8 16 32 64 38 76 62 34 68 46 2 4 8 16 32 64 38 76 62 34 68 46 2 4 8 16 32 64 -38 1 2 4 8 16 32 64 38 76 62 34 68 46 2 4 8 16 32 64 38 76 62 34 68 46 2 4 8 16 32 64 -38 1 2 4 8 
91-->1 2 4 8 16 32 64 37 74 57 23 46 1 2 4 8 16 32 64 37 74 57 23 46 1 2 4 8 16 32 64 -37 1 2 4 8 16 32 64 37 74 57 23 46 1 2 4 8 16 32 64 37 74 57 23 46 1 2 4 8 16 32 64 -37 1 2 4 8 16 32 64 37 74 57 23 46 1 2 4 8 16 32 64 37 74 57 23 46 1 2 4 8 16 32 64 -37 1 2 4 8 
92-->1 2 4 8 16 32 64 36 72 52 12 24 48 4 8 16 32 64 36 72 52 12 24 48 4 8 16 32 64 36 72 -52 1 2 4 8 16 32 64 36 72 52 12 24 48 4 8 16 32 64 36 72 52 12 24 48 4 8 16 32 64 36 72 -52 1 2 4 8 16 32 64 36 72 52 12 24 48 4 8 16 32 64 36 72 52 12 24 48 4 8 16 32 64 36 72 -52 1 2 4 8 
93-->1 2 4 8 16 32 64 35 70 47 1 2 4 8 16 32 64 35 70 47 1 2 4 8 16 32 64 35 70 47 1 -2 1 2 4 8 16 32 64 35 70 47 1 2 4 8 16 32 64 35 70 47 1 2 4 8 16 32 64 35 70 47 1 -2 1 2 4 8 16 32 64 35 70 47 1 2 4 8 16 32 64 35 70 47 1 2 4 8 16 32 64 35 70 47 1 -2 1 2 4 8 
94-->1 2 4 8 16 32 64 34 68 42 84 74 54 14 28 56 18 36 72 50 6 12 24 48 2 4 8 16 32 64 34 -68 1 2 4 8 16 32 64 34 68 42 84 74 54 14 28 56 18 36 72 50 6 12 24 48 2 4 8 16 32 64 34 -68 1 2 4 8 16 32 64 34 68 42 84 74 54 14 28 56 18 36 72 50 6 12 24 48 2 4 8 16 32 64 34 -68 1 2 4 8 
95-->1 2 4 8 16 32 64 33 66 37 74 53 11 22 44 88 81 67 39 78 61 27 54 13 26 52 9 18 36 72 49 -3 1 2 4 8 16 32 64 33 66 37 74 53 11 22 44 88 81 67 39 78 61 27 54 13 26 52 9 18 36 72 49 -3 1 2 4 8 16 32 64 33 66 37 74 53 11 22 44 88 81 67 39 78 61 27 54 13 26 52 9 18 36 72 49 -3 1 2 4 8 
96-->1 2 4 8 16 32 64 32 64 32 64 32 64 32 64 32 64 32 64 32 64 32 64 32 64 32 64 32 64 32 64 -32 1 2 4 8 16 32 64 32 64 32 64 32 64 32 64 32 64 32 64 32 64 32 64 32 64 32 64 32 64 32 64 -32 1 2 4 8 16 32 64 32 64 32 64 32 64 32 64 32 64 32 64 32 64 32 64 32 64 32 64 32 64 32 64 -32 1 2 4 8 
97-->1 2 4 8 16 32 64 31 62 27 54 11 22 44 88 79 61 25 50 3 6 12 24 48 96 95 93 89 81 65 33 -66 1 2 4 8 16 32 64 31 62 27 54 11 22 44 88 79 61 25 50 3 6 12 24 48 96 95 93 89 81 65 33 -66 1 2 4 8 16 32 64 31 62 27 54 11 22 44 88 79 61 25 50 3 6 12 24 48 96 95 93 89 81 65 33 -66 1 2 4 8 
98-->1 2 4 8 16 32 64 30 60 22 44 88 78 58 18 36 72 46 92 86 74 50 2 4 8 16 32 64 30 60 22 -44 1 2 4 8 16 32 64 30 60 22 44 88 78 58 18 36 72 46 92 86 74 50 2 4 8 16 32 64 30 60 22 -44 1 2 4 8 16 32 64 30 60 22 44 88 78 58 18 36 72 46 92 86 74 50 2 4 8 16 32 64 30 60 22 -44 1 2 4 8 
99-->1 2 4 8 16 32 64 29 58 17 34 68 37 74 49 98 97 95 91 83 67 35 70 41 82 65 31 62 25 50 1 -2 1 2 4 8 16 32 64 29 58 17 34 68 37 74 49 98 97 95 91 83 67 35 70 41 82 65 31 62 25 50 1 -2 1 2 4 8 16 32 64 29 58 17 34 68 37 74 49 98 97 95 91 83 67 35 70 41 82 65 31 62 25 50 1 -2 1 2 4 8 
100-->1 2 4 8 16 32 64 28 56 12 24 48 96 92 84 68 36 72 44 88 76 52 4 8 16 32 64 28 56 12 24 -48 1 2 4 8 16 32 64 28 56 12 24 48 96 92 84 68 36 72 44 88 76 52 4 8 16 32 64 28 56 12 24 -48 1 2 4 8 16 32 64 28 56 12 24 48 96 92 84 68 36 72 44 88 76 52 4 8 16 32 64 28 56 12 24 -48 1 2 4 8 
